0 0.174226 0.556656 0.0354603 0.0576319
0 0.312359 0.0393761 0.0252709 0.037462
0 0.308595 0.872395 0.0272556 0.0359844
0 0.190857 0.0399296 0.0282924 0.0340875
0 0.432277 0.129535 0.0258928 0.0401798
0 0.36532 0.131208 0.0240205 0.0370271
0 0.241551 0.0392716 0.0264949 0.0346653
0 0.214423 0.963082 0.0450871 0.037569
0 0.297857 0.131097 0.042255 0.0374207
0 0.565238 0.133186 0.0501324 0.0404574
0 0.267559 0.873766 0.0263709 0.0364225
3 0.312253 0.655846 0.0634588 0.0909039
0 0.117337 0.0402662 0.0314962 0.0379009
0 0.239677 0.13027 0.0299806 0.0355803
0 0.112172 0.874132 0.0663735 0.045379
0 0.487108 0.130927 0.0306974 0.0354172
0 0.206348 0.872594 0.0261947 0.0354627
0 0.153477 0.963612 0.024638 0.0350118
0 0.204831 0.130469 0.0415614 0.0365335
0 0.54647 0.133716 0.0871684 0.0419117
0 0.104818 0.962019 0.0252454 0.0370293
0 0.164512 0.13288 0.0246182 0.0349377
0 0.0946117 0.873823 0.0285548 0.0414735
